0.00192482
0.0054914
0.0054914
0.0054914
0.0139266
0.0139266
0.0139266
0.0139266
0.0313349
0.0313349
0.0313349
0.0313349
0.0313349
0.0313349
0.0567255
0.0567255
0.0567255
0.0567255
0.0567255
0.0567255
0.0567255
0.0567255
0.0870697
0.0870697
0.0870697
0.0870697
0.0870697
0.0870697
0.0870697
0.0870697
0.115999
0.115999
0.115999
0.115999
0.115999
0.115999
0.142097
0.142097
0.142097
0.142097
0.142097
0.142097
0.165195
0.165195
0.165195
0.165195
0.165195
0.186028
0.186028
0.186028
0.186028
0.186028
0.186028
0.209381
0.209381
0.209381
0.209381
0.209381
0.209381
0.209381
0.233724
0.233724
0.233724
0.233724
0.233724
0.233724
0.260303
0.260303
0.260303
0.260303
0.260303
0.260303
0.260303
0.28442
0.28442
0.28442
0.28442
0.28442
0.28442
0.309641
0.309641
0.309641
0.309641
0.309641
0.309641
0.332824
0.332824
0.332824
0.332824
0.332824
0.332824
0.356346
0.356346
0.356346
0.356346
0.356346
0.356346
0.379954
0.379954
0.379954
0.379954
0.379954
0.379954
0.404184
0.404184
0.404184
0.404184
0.404184
0.404184
0.426659
0.426659
0.426659
0.426659
0.426659
0.448879
0.448879
0.448879
0.448879
0.448879
0.448879
0.472118
0.472118
0.472118
0.472118
0.472118
0.472118
0.492895
0.492895
0.492895
0.492895
0.492895
0.512964
0.512964
0.512964
0.512964
0.512965
0.532298
0.532298
0.532299
0.532299
0.550415
0.550415
0.550415
0.550416
0.550416
0.567287
0.567287
0.567287
0.582205
0.582205
0.582205
0.582205
0.597689
0.597689
0.597689
0.59769
0.611503
0.611503
0.611503
0.611504
0.625912
0.625912
0.625912
0.63797
0.637971
0.637971
0.650567
0.650567
0.650567
0.662258
0.662258
0.662258
0.672618
0.672618
0.68411
0.68411
0.68411
0.694471
0.694471
0.694471
0.704746
0.704746
0.71403
0.714031
0.722749
0.722749
0.722749
0.731637
0.731637
0.740582
0.740582
0.748508
0.748508
0.755556
0.755556
0.76436
0.76436
0.772399
0.772399
0.780608
0.780608
0.787656
0.787656
0.795186
0.801838
0.801838
0.809339
0.809339
0.81667
0.816671
0.823408
0.823408
0.83088
0.83088
0.837532
0.845033
0.845033
0.845033
0.853101
0.860375
0.860375
0.868103
0.868103
0.875123
0.875123
0.881973
0.881973
0.889616
0.889616
0.896409
0.902297
0.902297
0.908637
0.913704
0.917894
0.922479
0.927093
0.931282
0.931282
0.935811
0.941076
0.945775
0.950842
0.950842
0.955654
0.960919
0.966524
0.966524
0.972609
0.977959
0.977959
0.983422
0.989338
0.993273
0.996698
1.00001
