0.00192482
0.00356658
0
0
0.00843524
0
0
0
0.0174083
0
0
0
0
0
0.0253906
0
0
0
0
0
0
0
0.0303442
0
0
0
0
0
0
0
0.0289289
0
0
0
0
0
0.0260983
0
0
0
0
0
0.0230978
0
0
0
0
0.0208333
0
0
0
0
0
0.0233526
0
0
0
0
0
0
0.0243433
0
0
0
0
0
0.0265795
0
0
0
0
0
0
0.0241168
0
0
0
0
0
0.0252208
0
0
0
0
0
0.0231827
0
0
0
0
0
0.0235224
0
0
0
0
0
0.0236073
0
0
0
0
0
0.0242301
0
0
0
0
0
0.0224751
0
0
0
0
0.0222203
0
0
0
0
0
0.0232394
0
0
0
0
0
0.0207767
0
0
2.6708e-10
3.20495e-09
0.0200691
3.3652e-08
7.95897e-08
1.64254e-07
2.3957e-07
0.0193334
2.72955e-07
2.46247e-07
2.17937e-07
0.0181161
2.20341e-07
2.29688e-07
2.50788e-07
2.27552e-07
0.0168707
2.18738e-07
2.21943e-07
0.0149176
2.2862e-07
2.12061e-07
2.09657e-07
0.0154837
1.96036e-07
1.89359e-07
1.82415e-07
0.0138136
1.59179e-07
1.40751e-07
1.46093e-07
0.014408
1.35943e-07
1.13776e-07
0.0120585
1.10304e-07
9.77511e-08
0.0125963
9.77511e-08
9.69499e-08
0.0116905
8.22605e-08
8.3863e-08
0.0103601
7.47823e-08
0.0114924
8.30617e-08
7.58506e-08
0.0103601
6.65028e-08
7.10432e-08
0.0102752
7.07761e-08
0.00928449
6.35649e-08
0.00871837
6.27637e-08
7.07761e-08
0.00888821
6.86394e-08
0.00894482
6.62357e-08
0.00792579
7.21115e-08
0.0070483
5.55525e-08
0.00880328
4.78072e-08
0.00803899
4.32669e-08
0.00820883
3.95278e-08
0.00704828
4.96768e-08
0.00752948
0.006652
4.54035e-08
0.00750118
5.28818e-08
0.00733135
5.0478e-08
0.00673692
5.58196e-08
0.00747286
3.23166e-08
0.00665196
0.00750114
1.60248e-09
1.3354e-09
0.00806725
0.00727468
0
0.00772758
0
0.00701993
0
0.00685009
0
0.00764266
0
0.00679348
0.00588768
0
0.00634058
0.0050668
0.00418931
0.0045856
0.0046139
0.00418931
0
0.00452899
0.00526495
0.00469882
0.0050668
0
0.00481205
0.00526495
0.00560462
0
0.00608582
0.00534986
0
0.00546309
0.00591599
0.00393456
0.00342505
0.00331182
