0.036625
0.0117333
0.00872083
0.006025
0.00397083
0.00320833
0.00247917
0.00228333
0.00219583
0.00180417
0.0017375
0.0016625
0.00157917
0.00178334
0.00178751
0.00218752
0.00225418
0.00270002
0.00283752
0.00279168
0.00326251
0.00340835
0.00410001
0.00433751
0.00530418
0.00533751
0.00517085
0.00386668
0.00307501
0.00282085
0.00276252
0.00245835
0.00230835
0.00232502
0.00230835
0.00230002
0.00221668
0.00240002
0.00220002
0.00219585
0.00200002
0.00190419
0.00161668
0.00184585
0.00147085
0.00160418
0.00159168
0.00140418
0.00151251
0.00143751
0.00142085
0.00140418
0.00127918
0.00132085
0.00140418
0.00134585
0.00131668
0.00133335
0.00131251
0.00137502
0.00133335
0.00132918
0.00151668
0.00135418
0.00151252
0.00154585
0.00178335
0.00148335
0.00157919
0.00165419
0.00154169
0.00167086
0.00160003
0.00151253
0.00151669
0.00164586
0.0015917
0.00152503
0.0014542
0.00163753
0.00160836
0.00151253
0.00167919
0.00151669
0.00157919
0.00171669
0.00165002
0.00176669
0.00178336
0.00170419
0.00195002
0.00202919
0.00198752
0.00211669
0.00200419
0.00219586
0.00246252
0.00236252
0.00232086
0.00256669
0.00271252
0.00288336
0.00290836
0.00293752
0.00312502
0.00319169
0.00312086
0.00348336
0.00356253
0.00353336
0.00377502
0.00357503
0.00382086
0.00344169
0.00368336
0.00377919
0.00385002
0.00367503
0.00375419
0.00381253
0.00387086
0.00363753
0.00382086
0.00395419
0.00352503
0.00361253
0.00367086
0.00392919
0.00378336
0.00392502
0.00401252
0.00391252
0.00353336
0.00396252
0.00387086
0.00381252
0.00370002
0.00358336
0.00371669
0.00361252
0.00365002
0.00368335
0.00384585
0.00376252
0.00374168
0.00373335
0.00383752
0.00390835
0.00410835
0.00417918
0.00399168
0.00436668
0.00404584
0.00405834
0.00429167
0.00418751
0.00442084
0.00437501
0.00458334
0.004425
0.004525
0.00491667
0.0049375
0.00485834
0.00489584
0.00521667
0.00521667
0.0049375
0.00535834
0.0053375
0.00559584
0.00550417
0.00561667
0.00555
0.00555834
0.00553333
0.00555833
0.0059
0.00529167
0.0054
0.0054875
0.00540417
0.00537083
0.00535417
0.0049875
0.00508333
0.0053125
0.00465
0.00480833
0.00455
0.0042125
0.00412917
0.00375
0.00337083
0.002975
0.00288333
0.00270833
0.002325
0.00219583
0.00214167
0.0018375
0.0015375
0.00129167
0.00140833
0.0012125
0.00105417
0.00105833
0.000841668
0.000725001
0.000712501
0.000750002
0.000650002
0.000533335
0.000529168
0.000479168
0.000483335
0.000420836
0.000558336
0.000495836
0.000495836
0.000520837
0.000545837
0.000429171
0.000550005
0.000579172
0.000666673
0.000800007
0.000666675
0.000754175
0.00115418
0.000900011
0.00099168
0.00112501
0.00129585
0.00127918
0.00159169
0.00156669
0.00128336
0.00210419
0.00225836
0.00185003
0.00293753
0.00363754
0.00260839
0.00424173
0.00580424
0.00351675
0.00922509
0.0187001
0.00525428
0.0116628
0.00985002
0.0089625
0.0282208
0.0680333
0.100958
