0.00308333
0.001175
0.001575
0.0020875
0.00292917
0.00345417
0.00372083
0.00423333
0.00497083
0.00501667
0.0049375
0.00466667
0.00462917
0.0042875
0.00415833
0.004275
0.00390833
0.00396667
0.0037875
0.00370417
0.00379167
0.0037875
0.003575
0.00385
0.0038875
0.00367083
0.00354167
0.003675
0.0036375
0.00368333
0.00394167
0.00405
0.004425
0.00418333
0.0044875
0.004475
0.00445833
0.00460417
0.00464167
0.004725
0.00487083
0.00505833
0.00526667
0.00571667
0.00603333
0.0064125
0.00710417
0.00687917
0.007325
0.00772917
0.00762083
0.00769167
0.0078125
0.007475
0.00756667
0.00735833
0.00812083
0.00753333
0.0073
0.00700417
0.00683333
0.00682083
0.00681667
0.00695833
0.00650833
0.006625
0.00646667
0.0066375
0.00685833
0.00672083
0.00675833
0.0070875
0.00680833
0.00726667
0.00757083
0.00713333
0.00679167
0.00700417
0.00727917
0.0070125
0.00728333
0.00713333
0.0069875
0.0069625
0.00731667
0.00690833
0.00704583
0.00685
0.0066
0.006675
0.0067125
0.00636667
0.00625417
0.0060875
0.00567083
0.00555
0.005475
0.00515417
0.0050125
0.00464583
0.00449167
0.00408333
0.004
0.00402917
0.00375417
0.00363333
0.003325
0.00315
0.0029125
0.00278333
0.00265417
0.00269167
0.00257917
0.00280833
0.00243333
0.00255833
0.00243333
0.00225417
0.002175
0.002325
0.00206667
0.00180833
0.00181667
0.001575
0.00144167
0.00132917
0.00119583
0.00110833
0.00115417
0.0009625
0.00110417
0.000858333
0.000941667
0.000841667
0.000991667
0.000870833
0.000933333
0.000975
0.000883333
0.00102083
0.000929167
0.00104583
0.000991667
0.0011625
0.0011
0.0010625
0.00102083
0.000933333
0.000858333
0.000783333
0.000829167
0.00085
0.000866667
0.0008
0.0008875
0.000833333
0.000779167
0.0007
0.000741667
0.00075
0.000820833
0.000716667
0.000695833
0.000916667
0.000783333
0.000820833
0.0008125
0.0009
0.000870833
0.00106667
0.0010125
0.00110833
0.00113333
0.00122083
0.00122917
0.001425
0.00180833
0.00191667
0.00177917
0.00199167
0.00205417
0.00186667
0.001925
0.0018875
0.0014375
0.0011
0.001025
0.0009375
0.001075
0.000895833
0.0008875
0.000791667
0.000870833
0.000795833
0.000754167
0.000825
0.000816667
0.00085
0.000841667
0.000870833
0.00075
0.00095
0.00106667
0.000995833
0.00124583
0.0011625
0.001175
0.0012125
0.001175
0.001225
0.00115417
0.0013625
0.00145417
0.00220833
0.0036125
0.00195
0.0014625
0.0018625
0.00189167
0.00339167
0.0022375
0.00306667
0.00252917
0.003775
0.00364583
0.00318333
0.00767917
0.00534583
0.00562083
0.00437083
0.0050375
0.00539167
0.0037125
0.00531667
0.00805833
0.0075125
0.0072
0.0087125
0.00674583
0.00955833
0.00819167
0.015
0.00704583
0.00876667
0.0104125
0.0110167
0.0443083
0.0282208
0.0154542
0.0007375
0.00375
0.000158333
0.000229167
1.66667e-05
1.25e-05
6.66667e-05
